"Temperatura","Pressione"
292.3,0.03
292.2,0.03
292.2,0.03
292.3,0.03
292.3,0.03
292.3,0.03
292.2,0.03
292.2,0.03
292.2,0.03
292.2,0.03
292.2,0.03
292.3,0.03
292.2,0.03
292.2,0.03
292.2,0.03
292.2,0.03
292.2,0.03
292.2,0.03
292.2,0.03
292.2,0.03
292.2,0.03
292.2,0.03
292.2,0.03
292.1,0.03
292.2,0.03
292.2,0.03
292.2,0.03
292.2,0.03
292.1,0.03
292.1,0.03
292.1,0.03
292.1,0.03
292.1,0.03
292.1,0.03
292.1,0.03
292.1,0.03
292.1,0.03
292.1,0.03
292.1,0.03
292.1,0.03
292.1,0.03
292.1,0.03
292.1,0.04
292.1,0.04
292.1,0.04
292.1,0.04
292.1,0.04
292.1,0.04
292.1,0.04
292.1,0.05
292.1,0.05
292.1,0.05
292.1,0.05
292.1,0.05
292.1,0.06
292.1,0.06
292.1,0.06
292.1,0.07
292.1,0.07
292.1,0.08
292.1,0.08
292.1,0.09
292.1,0.09
292.1,0.10
292.1,0.10
292.1,0.10
292.1,0.11
292.1,0.11
292.1,0.12
292.1,0.13
292.1,0.13
292.1,0.13
292.1,0.14
292.1,0.15
292.1,0.15
292.1,0.16
292.1,0.16
292.1,0.17
292.1,0.18
292.1,0.18
292.1,0.19
292.1,0.19
292.1,0.20
292.1,0.20
292.1,0.21
292.1,0.22
292.1,0.22
292.1,0.23
292.1,0.23
292.1,0.24
292.1,0.25
292.1,0.25
292.1,0.26
292.1,0.26
292.1,0.26
292.1,0.27
292.1,0.28
292.1,0.28
292.1,0.29
292.1,0.29
292.1,0.30
292.1,0.31
292.1,0.31
292.1,0.32
292.1,0.32
292.1,0.33
292.1,0.34
292.1,0.34
292.1,0.35
292.1,0.35
292.2,0.36
292.2,0.37
292.2,0.37
292.1,0.38
292.2,0.39
292.2,0.39
292.2,0.40
292.2,0.40
292.2,0.41
292.2,0.42
292.2,0.43
292.3,0.43
292.2,0.43
292.3,0.44
292.3,0.45
292.3,0.45
292.3,0.46
292.3,0.47
292.3,0.47
292.3,0.47
292.3,0.48
292.3,0.49
292.3,0.49
292.3,0.50
292.3,0.50
292.3,0.51
292.3,0.51
292.3,0.52
292.3,0.53
292.3,0.53
292.4,0.54
292.3,0.55
292.4,0.56
292.4,0.56
292.4,0.57
292.4,0.57
292.4,0.58
292.4,0.58
292.4,0.59
292.4,0.60
292.5,0.60
292.4,0.61
292.5,0.62
292.5,0.62
292.5,0.63
292.5,0.64
292.5,0.64
292.5,0.65
292.5,0.66
292.5,0.66
292.5,0.67
292.5,0.67
292.6,0.68
292.6,0.68
292.6,0.69
292.6,0.70
292.6,0.70
292.6,0.71
292.6,0.72
292.6,0.72
292.6,0.73
292.6,0.74
292.6,0.74
292.6,0.75
292.6,0.75
292.7,0.76
292.7,0.77
292.7,0.78
292.7,0.78
292.7,0.79
292.7,0.79
292.7,0.80
292.7,0.81
292.7,0.82
292.8,0.82
292.8,0.83
292.8,0.83
292.8,0.84
292.8,0.85
292.8,0.86
292.8,0.86
292.8,0.87
292.8,0.87
292.9,0.88
292.9,0.89
292.9,0.89
292.9,0.89
292.9,0.90
292.9,0.91
292.9,0.91
292.9,0.92
293.0,0.93
293.0,0.93
293.0,0.94
293.0,0.95
293.0,0.95
293.0,0.96
293.0,0.97
293.0,0.97
293.1,0.98
293.1,0.99
293.1,0.99
293.1,1.00
293.1,1.01
293.1,1.01
293.1,1.02
293.2,1.03
293.2,1.03
293.2,1.04
293.2,1.05
293.2,1.06
293.2,1.06
293.2,1.07
293.2,1.07
293.2,1.08
293.2,1.09
293.3,1.09
293.3,1.10
293.3,1.10
293.3,1.11
293.3,1.12
293.4,1.13
293.4,1.13
293.4,1.14
293.4,1.15
293.4,1.15
293.4,1.16
293.5,1.17
293.5,1.17
293.5,1.18
293.5,1.19
293.5,1.19
293.5,1.20
293.5,1.21
293.5,1.21
293.5,1.22
293.6,1.23
293.6,1.24
293.6,1.24
293.6,1.25
293.6,1.26
293.6,1.27
293.6,1.27
293.6,1.28
293.7,1.29
293.7,1.29
293.7,1.30
293.7,1.30
293.8,1.30
293.8,1.31
293.8,1.32
293.8,1.33
293.8,1.33
293.8,1.34
293.9,1.35
293.9,1.35
293.9,1.36
293.9,1.37
293.9,1.38
293.9,1.38
293.9,1.39
293.9,1.39
293.9,1.40
294.0,1.41
294.0,1.42
294.0,1.42
294.0,1.43
294.0,1.44
294.0,1.44
294.1,1.45
294.1,1.46
294.1,1.47
294.1,1.47
294.2,1.48
294.2,1.49
294.2,1.49
294.2,1.50
294.2,1.51
294.2,1.51
294.2,1.52
294.2,1.52
294.2,1.54
294.3,1.54
294.3,1.55
294.3,1.55
294.3,1.56
294.3,1.57
294.3,1.58
294.4,1.58
294.4,1.59
294.4,1.60
294.4,1.60
294.5,1.61
294.5,1.62
294.5,1.63
294.5,1.64
294.5,1.64
294.6,1.65
294.6,1.66
294.6,1.66
294.6,1.67
294.6,1.67
294.6,1.68
294.6,1.69
294.6,1.70
294.7,1.70
294.7,1.71
294.7,1.72
294.7,1.72
294.7,1.73
294.8,1.73
294.8,1.74
294.8,1.75
294.8,1.76
294.8,1.76
294.9,1.77
294.9,1.78
294.9,1.78
294.9,1.79
294.9,1.80
294.9,1.81
294.9,1.81
295.0,1.82
295.0,1.83
295.0,1.84
295.0,1.84
295.0,1.85
295.1,1.86
295.1,1.87
295.1,1.87
295.1,1.88
295.1,1.88
295.2,1.89
295.2,1.90
295.2,1.91
295.2,1.91
295.2,1.92
295.3,1.93
295.3,1.93
295.3,1.94
295.3,1.95
295.3,1.95
295.3,1.96
295.3,1.97
295.4,1.97
295.4,1.98
295.4,1.99
295.4,2.00
295.4,2.00
295.5,2.01
295.5,2.02
295.5,2.03
295.5,2.03
295.6,2.04
295.6,2.05
295.6,2.05
295.6,2.06
295.6,2.07
295.6,2.08
295.7,2.09
295.7,2.09
295.7,2.10
295.7,2.11
295.7,2.11
295.8,2.12
295.7,2.13
295.8,2.13
295.8,2.14
295.8,2.14
295.8,2.15
295.9,2.16
295.9,2.16
295.9,2.17
295.9,2.18
296.0,2.18
296.0,2.20
296.0,2.20
296.0,2.20
296.0,2.22
296.0,2.22
296.0,2.23
296.1,2.24
296.0,2.24
296.1,2.25
296.1,2.26
296.1,2.27
296.1,2.27
296.2,2.28
296.2,2.29
296.2,2.30
296.2,2.30
296.3,2.31
296.3,2.32
296.3,2.32
296.3,2.33
296.3,2.34
296.4,2.35
296.4,2.35
296.4,2.36
296.4,2.36
296.4,2.37
296.4,2.38
296.5,2.39
296.5,2.40
296.5,2.40
296.5,2.41
296.6,2.42
296.6,2.42
296.6,2.43
296.6,2.44
296.6,2.44
296.7,2.45
296.7,2.46
296.7,2.46
296.7,2.47
296.8,2.48
296.8,2.49
296.8,2.49
296.8,2.50
296.8,2.51
296.8,2.52
296.8,2.52
296.9,2.53
296.9,2.54
296.9,2.55
296.9,2.55
297.0,2.56
297.0,2.56
297.0,2.57
297.0,2.58
297.0,2.58
297.1,2.59
297.1,2.60
297.1,2.61
297.1,2.61
297.1,2.62
297.2,2.63
297.2,2.64
297.2,2.64
297.2,2.65
297.3,2.66
297.3,2.66
297.3,2.67
297.3,2.68
297.3,2.69
297.3,2.69
297.4,2.70
297.4,2.71
297.4,2.72
297.4,2.73
297.4,2.74
297.5,2.74
297.5,2.75
297.5,2.76
297.6,2.76
297.6,2.77
297.6,2.77
297.6,2.78
297.6,2.79
297.7,2.79
297.7,2.80
297.7,2.81
297.7,2.82
297.7,2.82
297.7,2.83
297.7,2.84
297.7,2.85
297.8,2.85
297.8,2.86
297.8,2.87
297.8,2.88
297.9,2.88
297.9,2.89
297.9,2.90
297.9,2.91
297.9,2.91
298.0,2.92
298.0,2.93
298.0,2.94
298.1,2.94
298.1,2.95
298.1,2.96
298.1,2.97
298.1,2.97
298.2,2.98
298.2,2.98
298.2,2.99
298.2,3.00
298.3,3.01
298.2,3.01
298.3,3.02
298.3,3.03
298.3,3.03
298.3,3.04
298.4,3.05
298.4,3.06
298.4,3.06
298.4,3.07
298.5,3.08
298.5,3.08
298.5,3.10
298.5,3.10
298.6,3.11
298.6,3.12
298.6,3.12
298.6,3.13
298.7,3.14
298.7,3.15
298.7,3.15
298.7,3.16
298.7,3.17
298.7,3.17
298.8,3.18
298.8,3.18
298.8,3.19
298.8,3.20
298.8,3.21
298.8,3.22
298.9,3.22
298.9,3.23
298.9,3.24
299.0,3.24
299.0,3.25
299.0,3.26
299.0,3.27
299.1,3.27
299.1,3.28
299.1,3.29
299.1,3.30
299.1,3.30
299.2,3.31
299.2,3.32
299.2,3.32
299.2,3.33
299.2,3.34
299.3,3.35
299.3,3.36
299.3,3.36
299.3,3.37
299.3,3.38
299.3,3.38
299.4,3.39
299.4,3.39
299.4,3.40
299.5,3.41
299.4,3.41
299.5,3.42
299.5,3.43
299.5,3.44
299.6,3.44
299.6,3.45
299.6,3.46
299.6,3.47
299.7,3.47
299.7,3.48
299.7,3.49
299.7,3.50
299.8,3.50
299.8,3.51
299.8,3.52
299.8,3.53
299.8,3.53
299.9,3.54
299.9,3.54
299.9,3.55
299.9,3.56
299.9,3.57
299.9,3.57
299.9,3.58
300.0,3.59
300.0,3.60
300.0,3.60
300.0,3.61
300.1,3.61
300.1,3.62
300.1,3.63
300.1,3.64
300.2,3.64
300.2,3.65
300.2,3.66
300.2,3.67
300.3,3.67
300.3,3.68
300.3,3.69
300.3,3.69
300.3,3.70
300.4,3.71
300.4,3.72
300.4,3.72
300.5,3.73
300.5,3.74
